# 100000	3000 ms	rho	tanh_0out
 &params
 c = 929 126 774 3*0
 ifix = 3*0 3*1
 stretch = 0
 shift = 0
 /
 &raw_data
 rho = 0.01522 0.02795 0.10416 0.11161 0.1748 0.18631 0.24744 0.28872 0.32083 0.32609 0.39815 0.4668 0.53315 0.6235 0.69445 0.76076 0.79 0.80327 0.81664 0.83011 0.84367 0.85733 0.87109 0.88497 0.89899 0.91314 0.94533 0.96008 0.97541 0.99267 1.0032
 data = 5.4597 4.6704 0.47843 3.1245 3.5609 2.4293 2.7848 2.0456 1.943 1.6175 1.6377 1.2862 1.1783 3.46 0.88925 0.086625 0.51454 0.67 0.76167 0.39 0.41 0.39 0.345 0.13028 0.12012 0.04 0.020047 0.020133 0.020147 0.055504 0.023248
 /
 &excluded_data
 /
 &fitted_data
 rho = 0.0 0.02 0.04 0.06 0.08 0.1 0.12 0.14 0.16 0.18 0.2 0.22 0.24 0.26 
 0.28 0.3 0.32 0.34 0.36 0.38 0.4 0.42 0.44 0.46 0.48 0.5 0.52 0.54 0.56 0.58 
 0.6 0.62 0.64 0.66 0.68 0.7 0.72 0.74 0.76 0.78 0.8 0.82 0.84 0.86 0.88 0.9 
 0.92 0.94 0.96 0.98 1.0
 data = 4.635439228712633 4.587744401754228 4.5416168712048 
 4.4970742224082505 4.454134040708484 4.412813911449412 4.373131419974931 
 4.335104151628952 4.2987496917553765 4.264085625698114 4.231129538801067 
 4.199899016408139 4.170411643863238 4.142685006510267 4.116736689693133 
 4.092584278755741 4.070245359041993 4.0497375158957984 4.031078334661061 
 4.014285400681684 3.999376299301574 3.9863686158646368 3.9752709513129583 
 3.965893881163857 3.9578546270024013 3.95076236047727 3.9442262532371366 
 3.9378554769306797 3.931259203206575 3.924041049219999 3.9157809524236753 
 3.906052541187235 3.894429443823593 3.8804853208481758 3.863914732268133 
 3.8448061044114508 3.823327936408241 3.7996487273886177 3.773908163860442 
 3.7449670352988513 3.709926601137569 3.6657601037285232 3.609440785423649 
 3.537941888574876 3.448236655534137 3.330280545287741 3.0857356526303357 
 2.55614205055121 1.726390185871979 0.9806387384517754 0.7714183321995935
 /
