# 100000	3000 ms	rho	tanh_0out
 &params
 c = 929 126 774 3*0
 ifix = 3*0 3*1
 stretch = 0
 shift = 0
 /
 &raw_data
 rho = 0.01522 0.02795 0.10416 0.11161 0.1748 0.18631 0.24744 0.28872 0.32083 
 0.32609 0.39815 0.4668 0.53315 0.6235 0.69445 0.76076 0.79 0.80327 0.81664 
 0.83011 0.84367 0.85733 0.87109 0.88497 0.89899 0.91314 0.94533 0.96008 
 0.97541 0.99267 1.0032
 data = 5.4597 4.6704 0.47843 3.1245 3.5609 2.4293 2.7848 2.0456 1.943 1.6175 
 1.6377 1.2862 1.1783 3.46 0.88925 0.086625 0.51454 0.67 0.76167 0.39 0.41 
 0.39 0.345 0.13028 0.12012 0.04 0.020047 0.020133 0.020147 0.055504 0.023248
 /
 &excluded_data
 /
 &fitted_data
 rho = 0.0 0.02 0.04 0.06 0.08 0.1 0.12 0.14 0.16 0.18 0.2 0.22 0.24 0.26 
 0.28 0.3 0.32 0.34 0.36 0.38 0.4 0.42 0.44 0.46 0.48 0.5 0.52 0.54 0.56 0.58 
 0.6 0.62 0.64 0.66 0.68 0.7 0.72 0.74 0.76 0.78 0.8 0.82 0.84 0.86 0.88 0.9 
 0.92 0.94 0.96 0.98 1.0
 data = 4.843521359489588 4.816541576817766 4.788144567389343 
 4.758528370266955 4.727891024513236 4.69643056919082 4.664345043362342 
 4.6318324860904365 4.5990909364377375 4.566318433466881 4.533713016240499 
 4.501472046032741 4.469782578260069 4.43882365007647 4.408774087420546 
 4.379808966350711 4.3519946980927475 4.325274889600395 4.299586556788214 
 4.27486728974072 4.251096266692693 4.22832160587085 4.206597912000849 
 4.185979673044715 4.166482176104451 4.148024784111232 4.130512459197603 
 4.113850167372355 4.09804339254616 4.083459704034286 4.070548172397767 
 4.0597578681976305 4.0512307432783325 4.043606019051605 4.035064020107907 
 4.023784957324294 4.008702621000427 3.9919602618451107 3.9765553987363496 
 3.9648144059670942 3.9487267923730403 3.9121713934896207 3.8386982066656783 
 3.673374454241378 3.2665831577562794 2.567358254028001 1.8737850956313018 
 1.2948087095967895 0.8294377810291365 0.47638326466772435 0.23435611525193295
 /
