1.06873 0.06
1.05176 0.10499
1.03475 0.271344
1.01772 0.104146
1.00065 0.106818
0.983562 0.0515896
0.966433 0.394843
0.949283 0.201383
0.932102 0.256089
0.914894 0.319513
0.876574 0.153667
0.788066 0.488571
0.693415 0.754799
0.577322 0.567798
0.496134 0.99
0.41521 0.569442
0.332924 0.717899
0.291224 0.818874
0.180779 0.780248
0.108459 0.660003
0.0794328 0.726563
0.119532 0.774994
0.193375 0.855
0.273233 0.925894
0.35574 0.904671
1.06873 0.06
1.05176 0.10499
1.03475 0.271344
1.01772 0.104146
1.00065 0.106818
0.983562 0.0515896
0.966433 0.394843
0.949283 0.201383
0.932102 0.256089
0.914894 0.319513
0.876574 0.153667
0.788066 0.488571
0.693415 0.754799
0.577322 0.567798
0.496134 0.99
0.41521 0.569442
0.332924 0.717899
0.291224 0.818874
0.180779 0.780248
0.108459 0.660003
0.0794328 0.726563
0.119532 0.774994
0.193375 0.855
0.273233 0.925894
0.35574 0.904671
